rec(42) = 267914296 (5885 ms)
iter(1200) = 2.72699e+250 (0 ms)
gold(1200) = 2.72699e+250 (7 ms)
matr(1200) = 2.72699e+250 (11 ms)